 -10.000  -0.8574   0.01555   0.00805  -0.0594   0.0250   0.0250
  -9.500  -0.8014   0.01490   0.00729  -0.0598   0.0250   0.0250
  -9.000  -0.7441   0.01435   0.00665  -0.0604   0.0250   0.0250
  -8.500  -0.6859   0.01387   0.00609  -0.0610   0.0250   0.0250
  -8.000  -0.6270   0.01346   0.00560  -0.0616   0.0250   0.0250
  -7.500  -0.5675   0.01311   0.00517  -0.0624   0.0250   0.0250
  -7.000  -0.5076   0.01279   0.00479  -0.0632   0.0250   0.0250
  -6.500  -0.4474   0.01252   0.00445  -0.0640   0.0250   0.0250
  -6.000  -0.3869   0.01228   0.00416  -0.0649   0.0250   0.0250
  -5.500  -0.3263   0.01208   0.00390  -0.0658   0.0250   0.0250
  -5.000  -0.2655   0.01191   0.00368  -0.0667   0.0250   0.0250
  -4.500  -0.2046   0.01176   0.00349  -0.0676   0.0250   0.0250
  -4.000  -0.1436   0.01165   0.00333  -0.0686   0.0250   0.0250
  -3.500  -0.0827   0.01156   0.00321  -0.0696   0.0250   0.0250
  -3.000  -0.0217   0.01149   0.00311  -0.0705   0.0250   0.0250
  -2.500   0.0392   0.01145   0.00304  -0.0715   0.0250   0.0250
  -2.000   0.1000   0.01144   0.00300  -0.0724   0.0250   0.0250
  -1.500   0.1608   0.01145   0.00299  -0.0734   0.0250   0.0250
  -1.000   0.2213   0.01148   0.00300  -0.0743   0.0250   0.0250
  -0.500   0.2818   0.01153   0.00305  -0.0752   0.0250   0.0250
   0.000   0.3420   0.01161   0.00312  -0.0760   0.0250   0.0250
   0.500   0.4020   0.01171   0.00321  -0.0768   0.0250   0.0250
   1.000   0.4617   0.01183   0.00333  -0.0776   0.0250   0.0250
   1.500   0.5211   0.01198   0.00349  -0.0783   0.0250   0.0250
   2.000   0.5802   0.01215   0.00367  -0.0790   0.0250   0.0250
   2.500   0.6389   0.01235   0.00388  -0.0795   0.0250   0.0250
   3.000   0.6971   0.01257   0.00411  -0.0800   0.0250   0.0250
   3.500   0.7549   0.01283   0.00439  -0.0805   0.0250   0.0250
   4.000   0.8120   0.01311   0.00469  -0.0808   0.0250   0.0250
   4.500   0.8684   0.01342   0.00503  -0.0810   0.0250   0.0250
   5.000   0.9241   0.01376   0.00541  -0.0810   0.0250   0.0250
   5.500   0.9788   0.01414   0.00582  -0.0809   0.0250   0.0250
   6.000   1.0323   0.01456   0.00629  -0.0806   0.0250   0.0250
   6.500   1.0845   0.01503   0.00680  -0.0801   0.0250   0.0250
   7.000   1.1348   0.01554   0.00737  -0.0794   0.0250   0.0250
   7.500   1.1828   0.01612   0.00801  -0.0782   0.0250   0.0250
   8.000   1.2238   0.01677   0.00873  -0.0759   0.0250   0.0250
   8.500   1.2621   0.01761   0.00964  -0.0735   0.0250   0.0250
