 -10.000  -0.8638   0.01415   0.00706  -0.0597   0.0250   0.0250
  -9.500  -0.8061   0.01359   0.00641  -0.0602   0.0250   0.0250
  -9.000  -0.7475   0.01312   0.00586  -0.0608   0.0250   0.0250
  -8.500  -0.6881   0.01272   0.00539  -0.0615   0.0250   0.0250
  -8.000  -0.6282   0.01237   0.00497  -0.0622   0.0250   0.0250
  -7.500  -0.5680   0.01207   0.00461  -0.0630   0.0250   0.0250
  -7.000  -0.5074   0.01180   0.00428  -0.0639   0.0250   0.0250
  -6.500  -0.4466   0.01156   0.00399  -0.0647   0.0250   0.0250
  -6.000  -0.3856   0.01136   0.00374  -0.0656   0.0250   0.0250
  -5.500  -0.3245   0.01118   0.00352  -0.0666   0.0250   0.0250
  -5.000  -0.2633   0.01103   0.00332  -0.0675   0.0250   0.0250
  -4.500  -0.2020   0.01091   0.00316  -0.0685   0.0250   0.0250
  -4.000  -0.1406   0.01081   0.00303  -0.0695   0.0250   0.0250
  -3.500  -0.0793   0.01073   0.00292  -0.0705   0.0250   0.0250
  -3.000  -0.0180   0.01067   0.00284  -0.0715   0.0250   0.0250
  -2.500   0.0432   0.01064   0.00278  -0.0724   0.0250   0.0250
  -2.000   0.1044   0.01063   0.00275  -0.0734   0.0250   0.0250
  -1.500   0.1655   0.01064   0.00274  -0.0744   0.0250   0.0250
  -1.000   0.2264   0.01067   0.00276  -0.0753   0.0250   0.0250
  -0.500   0.2872   0.01072   0.00280  -0.0763   0.0250   0.0250
   0.000   0.3478   0.01079   0.00286  -0.0772   0.0250   0.0250
   0.500   0.4082   0.01089   0.00295  -0.0780   0.0250   0.0250
   1.000   0.4684   0.01100   0.00307  -0.0788   0.0250   0.0250
   1.500   0.5282   0.01114   0.00320  -0.0796   0.0250   0.0250
   2.000   0.5878   0.01129   0.00336  -0.0803   0.0250   0.0250
   2.500   0.6471   0.01147   0.00355  -0.0810   0.0250   0.0250
   3.000   0.7059   0.01168   0.00377  -0.0816   0.0250   0.0250
   3.500   0.7643   0.01190   0.00401  -0.0821   0.0250   0.0250
   4.000   0.8223   0.01216   0.00428  -0.0825   0.0250   0.0250
   4.500   0.8796   0.01243   0.00458  -0.0828   0.0250   0.0250
   5.000   0.9363   0.01274   0.00491  -0.0830   0.0250   0.0250
   5.500   0.9922   0.01308   0.00528  -0.0831   0.0250   0.0250
   6.000   1.0472   0.01345   0.00569  -0.0830   0.0250   0.0250
   6.500   1.1012   0.01386   0.00613  -0.0827   0.0250   0.0250
   7.000   1.1538   0.01431   0.00663  -0.0822   0.0250   0.0250
   7.500   1.2047   0.01481   0.00717  -0.0815   0.0250   0.0250
   8.000   1.2534   0.01536   0.00778  -0.0804   0.0250   0.0250
   8.500   1.2973   0.01598   0.00846  -0.0785   0.0250   0.0250
