 -10.000  -0.8575   0.01270   0.00693  -0.0599   0.6756   0.0200
  -9.500  -0.7993   0.01210   0.00627  -0.0605   0.6602   0.0217
  -9.000  -0.7394   0.01172   0.00579  -0.0612   0.6525   0.0176
  -8.500  -0.6793   0.01130   0.00532  -0.0619   0.6448   0.0161
  -8.000  -0.6189   0.01091   0.00488  -0.0627   0.6372   0.0147
  -7.500  -0.5582   0.01061   0.00451  -0.0636   0.6220   0.0121
  -7.000  -0.4972   0.01027   0.00414  -0.0645   0.6144   0.0110
  -6.500  -0.4359   0.00998   0.00382  -0.0654   0.6068   0.0088
  -6.000  -0.3744   0.00969   0.00351  -0.0664   0.5992   0.0079
  -5.500  -0.3127   0.00942   0.00323  -0.0675   0.5916   0.0061
  -5.000  -0.2509   0.00918   0.00297  -0.0685   0.5841   0.0046
  -4.500  -0.1889   0.00894   0.00273  -0.0696   0.5766   0.0040
  -4.000  -0.1268   0.00873   0.00252  -0.0708   0.5690   0.0028
  -3.500  -0.0648   0.00857   0.00233  -0.0719   0.5540   0.0018
  -3.000  -0.0083   0.00923   0.00237  -0.0724   0.3918   0.0010
  -2.500   0.0491   0.00979   0.00250  -0.0731   0.2693   0.0007
  -2.000   0.1068   0.01031   0.00266  -0.0737   0.1512   0.0002
  -1.500   0.1659   0.01060   0.00274  -0.0744   0.0693   0.0000
   1.000   0.4689   0.01087   0.00306  -0.0791   0.0002   0.1101
   1.500   0.5304   0.01072   0.00314  -0.0805   0.0008   0.2141
   2.000   0.5922   0.01053   0.00326  -0.0821   0.0015   0.3316
   2.500   0.6537   0.01039   0.00344  -0.0836   0.0019   0.4515
   3.000   0.7140   0.01043   0.00372  -0.0847   0.0030   0.5431
   3.500   0.7723   0.01075   0.00402  -0.0851   0.0042   0.5508
   4.000   0.8301   0.01107   0.00436  -0.0855   0.0049   0.5662
   4.500   0.8873   0.01143   0.00471  -0.0858   0.0065   0.5740
   5.000   0.9417   0.01206   0.00506  -0.0852   0.0074   0.4817
   5.500   0.9977   0.01243   0.00547  -0.0853   0.0093   0.4973
   6.000   1.0500   0.01311   0.00590  -0.0844   0.0104   0.4051
   6.500   1.0997   0.01384   0.00663  -0.0835   0.0012   0.4129
   7.000   1.1506   0.01441   0.00722  -0.0827   0.0014   0.4207
   7.500   1.1994   0.01503   0.00789  -0.0817   0.0015   0.4364
   8.000   1.2450   0.01574   0.00863  -0.0802   0.0017   0.4443
   8.500   1.2806   0.01655   0.00949  -0.0771   0.0020   0.4522
