 -10.000  -0.8610   0.01185   0.00634  -0.0601   0.6756   0.0200
  -9.500  -0.8020   0.01131   0.00575  -0.0608   0.6602   0.0217
  -9.000  -0.7414   0.01098   0.00533  -0.0615   0.6525   0.0176
  -8.500  -0.6808   0.01060   0.00490  -0.0623   0.6448   0.0161
  -8.000  -0.6198   0.01025   0.00451  -0.0631   0.6372   0.0147
  -7.500  -0.5587   0.00998   0.00418  -0.0640   0.6220   0.0121
  -7.000  -0.4974   0.00967   0.00384  -0.0649   0.6144   0.0110
  -6.500  -0.4357   0.00940   0.00355  -0.0659   0.6068   0.0088
  -6.000  -0.3740   0.00912   0.00326  -0.0669   0.5992   0.0079
  -5.500  -0.3120   0.00888   0.00300  -0.0679   0.5916   0.0061
  -5.000  -0.2500   0.00865   0.00277  -0.0690   0.5841   0.0046
  -4.500  -0.1878   0.00843   0.00254  -0.0701   0.5766   0.0040
  -4.000  -0.1255   0.00823   0.00235  -0.0713   0.5690   0.0028
  -3.500  -0.0633   0.00808   0.00217  -0.0724   0.5540   0.0018
  -3.000  -0.0063   0.00873   0.00222  -0.0730   0.3918   0.0010
  -2.500   0.0515   0.00928   0.00235  -0.0737   0.2693   0.0007
  -2.000   0.1095   0.00979   0.00250  -0.0743   0.1512   0.0002
  -1.500   0.1690   0.01008   0.00258  -0.0751   0.0693   0.0002
  -1.000   0.2294   0.01021   0.00263  -0.0760   0.0176   0.0003
   1.000   0.4732   0.01034   0.00289  -0.0799   0.0002   0.1101
   1.500   0.5350   0.01018   0.00297  -0.0813   0.0008   0.2141
   2.000   0.5970   0.00999   0.00307  -0.0829   0.0015   0.3316
   2.500   0.6589   0.00985   0.00324  -0.0845   0.0019   0.4515
   3.000   0.7195   0.00988   0.00351  -0.0856   0.0030   0.5431
   3.500   0.7782   0.01018   0.00379  -0.0861   0.0042   0.5508
   4.000   0.8365   0.01048   0.00410  -0.0865   0.0049   0.5662
   4.500   0.8942   0.01082   0.00443  -0.0869   0.0065   0.5740
   5.000   0.9513   0.01118   0.00479  -0.0871   0.0074   0.5817
   5.500   1.0080   0.01154   0.00517  -0.0872   0.0093   0.5973
   6.000   1.0638   0.01195   0.00558  -0.0872   0.0104   0.6051
   6.500   1.1186   0.01238   0.00603  -0.0870   0.0115   0.6129
   7.000   1.1729   0.01281   0.00648  -0.0867   0.0140   0.6207
   7.500   1.2258   0.01329   0.00701  -0.0863   0.0154   0.6364
   8.000   1.2771   0.01382   0.00757  -0.0855   0.0168   0.6443
   8.500   1.3276   0.01433   0.00813  -0.0846   0.0200   0.6522
