 -10.000  -0.8672   0.01328   0.00647  -0.0600   0.0250   0.0248
  -9.500  -0.8086   0.01277   0.00588  -0.0605   0.0250   0.0250
  -9.000  -0.7492   0.01235   0.00538  -0.0612   0.0250   0.0250
  -8.500  -0.6892   0.01199   0.00496  -0.0619   0.0250   0.0250
  -8.000  -0.6288   0.01168   0.00459  -0.0626   0.0250   0.0250
  -7.500  -0.5681   0.01140   0.00426  -0.0635   0.0250   0.0250
  -7.000  -0.5071   0.01116   0.00397  -0.0643   0.0250   0.0250
  -6.500  -0.4460   0.01095   0.00371  -0.0652   0.0250   0.0250
  -6.000  -0.3847   0.01076   0.00348  -0.0661   0.0250   0.0250
  -5.500  -0.3232   0.01060   0.00328  -0.0671   0.0250   0.0250
  -5.000  -0.2617   0.01047   0.00310  -0.0680   0.0250   0.0250
  -4.500  -0.2002   0.01035   0.00296  -0.0690   0.0250   0.0250
  -4.000  -0.1387   0.01026   0.00284  -0.0700   0.0250   0.0250
  -3.500  -0.0771   0.01019   0.00274  -0.0711   0.0250   0.0250
  -3.000  -0.0156   0.01015   0.00267  -0.0721   0.0250   0.0250
  -2.500   0.0459   0.01012   0.00262  -0.0731   0.0250   0.0250
  -2.000   0.1073   0.01011   0.00259  -0.0741   0.0250   0.0250
  -1.500   0.1685   0.01012   0.00259  -0.0751   0.0250   0.0250
  -1.000   0.2297   0.01015   0.00260  -0.0760   0.0250   0.0250
  -0.500   0.2907   0.01020   0.00264  -0.0770   0.0250   0.0250
   0.000   0.3515   0.01027   0.00270  -0.0779   0.0250   0.0250
   0.500   0.4122   0.01036   0.00279  -0.0788   0.0250   0.0250
   1.000   0.4726   0.01046   0.00289  -0.0797   0.0250   0.0250
   1.500   0.5328   0.01059   0.00302  -0.0805   0.0250   0.0250
   2.000   0.5927   0.01074   0.00317  -0.0812   0.0250   0.0250
   2.500   0.6523   0.01091   0.00335  -0.0819   0.0250   0.0250
   3.000   0.7115   0.01110   0.00354  -0.0826   0.0250   0.0250
   3.500   0.7704   0.01131   0.00377  -0.0831   0.0250   0.0250
   4.000   0.8288   0.01154   0.00402  -0.0836   0.0250   0.0250
   4.500   0.8867   0.01180   0.00430  -0.0840   0.0250   0.0250
   5.000   0.9440   0.01209   0.00460  -0.0843   0.0250   0.0250
   5.500   1.0006   0.01240   0.00494  -0.0844   0.0250   0.0250
   6.000   1.0565   0.01274   0.00531  -0.0844   0.0250   0.0250
   6.500   1.1115   0.01312   0.00572  -0.0843   0.0250   0.0250
   7.000   1.1653   0.01353   0.00616  -0.0840   0.0250   0.0250
   7.500   1.2178   0.01398   0.00665  -0.0835   0.0250   0.0250
   8.000   1.2686   0.01447   0.00720  -0.0826   0.0250   0.0250
   8.500   1.3170   0.01503   0.00780  -0.0815   0.0250   0.0250
