 -10.000  -0.8511   0.01391   0.00792  -0.0596   0.7065   0.0235
  -9.500  -0.7943   0.01319   0.00714  -0.0602   0.6987   0.0255
  -9.000  -0.7336   0.01299   0.00673  -0.0608   0.6910   0.0121
  -8.500  -0.6735   0.01280   0.00642  -0.0614   0.6756   0.0040
  -8.000  -0.6139   0.01242   0.00601  -0.0621   0.6679   0.0002
  -7.500  -0.5546   0.01190   0.00545  -0.0630   0.6602   0.0000
  -7.000  -0.4951   0.01138   0.00486  -0.0639   0.6448   0.0019
  -6.500  -0.4349   0.01086   0.00432  -0.0649   0.6372   0.0065
  -6.000  -0.3742   0.01039   0.00385  -0.0659   0.6296   0.0127
  -5.500  -0.3131   0.00993   0.00343  -0.0671   0.6220   0.0235
  -5.000  -0.2517   0.00945   0.00304  -0.0683   0.6144   0.0431
  -4.500  -0.1900   0.00886   0.00263  -0.0697   0.6068   0.0862
  -4.000  -0.1279   0.00815   0.00218  -0.0715   0.5916   0.1641
  -3.500  -0.0648   0.00744   0.00181  -0.0734   0.5841   0.2578
  -3.000  -0.0010   0.00664   0.00149  -0.0756   0.5766   0.3913
  -2.500   0.0622   0.00644   0.00140  -0.0770   0.5690   0.4364
  -2.000   0.1252   0.00637   0.00136  -0.0782   0.5615   0.4591
  -1.500   0.1879   0.00635   0.00134  -0.0794   0.5540   0.4743
  -1.000   0.2507   0.00634   0.00134  -0.0805   0.5465   0.4895
  -0.500   0.3132   0.00637   0.00135  -0.0816   0.5391   0.4971
   0.000   0.3758   0.00639   0.00139  -0.0827   0.5316   0.5124
   0.500   0.4378   0.00647   0.00143  -0.0837   0.5167   0.5200
   1.000   0.5001   0.00651   0.00150  -0.0848   0.5093   0.5354
   1.500   0.5622   0.00658   0.00158  -0.0858   0.5019   0.5431
   2.000   0.6243   0.00665   0.00169  -0.0869   0.4945   0.5585
   2.500   0.6801   0.00739   0.00200  -0.0871   0.3991   0.5662
   3.000   0.7364   0.00806   0.00239  -0.0873   0.3339   0.5740
   3.500   0.7906   0.00888   0.00292  -0.0873   0.2622   0.5895
   4.000   0.8430   0.00982   0.00355  -0.0870   0.1919   0.5973
   4.500   0.8945   0.01076   0.00421  -0.0866   0.1316   0.6051
   5.000   0.9446   0.01173   0.00495  -0.0859   0.0791   0.6129
   5.500   0.9942   0.01264   0.00571  -0.0851   0.0421   0.6286
   6.000   1.0435   0.01347   0.00645  -0.0842   0.0208   0.6364
   6.500   1.0921   0.01427   0.00721  -0.0831   0.0099   0.6443
   7.000   1.1382   0.01512   0.00807  -0.0818   0.0028   0.6522
   7.500   1.1815   0.01602   0.00903  -0.0800   0.0000   0.6681
   8.000   1.2193   0.01684   0.00989  -0.0773   0.0008   0.6760
   8.500   1.2642   0.01756   0.01067  -0.0760   0.0065   0.6840
