 -10.000  -0.8577   0.01258   0.00692  -0.0600   0.6915   0.0235
  -9.500  -0.7994   0.01196   0.00626  -0.0606   0.6811   0.0253
  -9.000  -0.7403   0.01141   0.00566  -0.0614   0.6707   0.0274
  -8.500  -0.6806   0.01091   0.00512  -0.0621   0.6609   0.0301
  -8.000  -0.6203   0.01044   0.00463  -0.0630   0.6514   0.0332
  -7.500  -0.5595   0.01002   0.00419  -0.0639   0.6420   0.0373
  -7.000  -0.4983   0.00962   0.00378  -0.0649   0.6328   0.0426
  -6.500  -0.4369   0.00925   0.00342  -0.0659   0.6238   0.0499
  -6.000  -0.3752   0.00889   0.00307  -0.0670   0.6150   0.0602
  -5.500  -0.3132   0.00851   0.00274  -0.0682   0.6064   0.0769
  -5.000  -0.2510   0.00809   0.00242  -0.0695   0.5980   0.1060
  -4.500  -0.1884   0.00753   0.00206  -0.0711   0.5896   0.1616
  -4.000  -0.1252   0.00692   0.00171  -0.0729   0.5813   0.2393
  -3.500  -0.0618   0.00646   0.00147  -0.0745   0.5730   0.3071
  -3.000   0.0015   0.00620   0.00132  -0.0760   0.5648   0.3537
  -2.500   0.0649   0.00599   0.00123  -0.0774   0.5565   0.3977
  -2.000   0.1282   0.00582   0.00117  -0.0788   0.5484   0.4405
  -1.500   0.1911   0.00579   0.00115  -0.0800   0.5402   0.4577
  -1.000   0.2540   0.00579   0.00115  -0.0812   0.5319   0.4717
  -0.500   0.3167   0.00580   0.00116  -0.0823   0.5235   0.4845
   0.000   0.3794   0.00583   0.00119  -0.0835   0.5150   0.4968
   0.500   0.4419   0.00587   0.00123  -0.0846   0.5060   0.5083
   1.000   0.5043   0.00593   0.00129  -0.0857   0.4965   0.5196
   1.500   0.5665   0.00600   0.00137  -0.0867   0.4867   0.5304
   2.000   0.6286   0.00609   0.00146  -0.0877   0.4753   0.5411
   2.500   0.6903   0.00621   0.00157  -0.0887   0.4620   0.5516
   3.000   0.7516   0.00637   0.00171  -0.0896   0.4454   0.5619
   3.500   0.8123   0.00658   0.00189  -0.0904   0.4251   0.5720
   4.500   0.9301   0.00734   0.00244  -0.0914   0.3570   0.5920
   5.000   0.9855   0.00802   0.00290  -0.0915   0.3029   0.6020
   5.500   1.0381   0.00892   0.00352  -0.0911   0.2403   0.6118
   6.000   1.0892   0.00986   0.00421  -0.0905   0.1832   0.6214
   6.500   1.1392   0.01079   0.00494  -0.0897   0.1367   0.6313
   7.000   1.1882   0.01172   0.00570  -0.0887   0.1007   0.6411
   7.500   1.2364   0.01259   0.00647  -0.0876   0.0754   0.6510
   8.000   1.2831   0.01346   0.00728  -0.0862   0.0581   0.6609
   8.500   1.3275   0.01435   0.00814  -0.0845   0.0462   0.6710
   9.000   1.3654   0.01527   0.00906  -0.0817   0.0386   0.6812
