  10.000   1.4536   0.01658   0.01062  -0.0784   0.0253   0.6879
   9.500   1.4184   0.01540   0.00939  -0.0811   0.0288   0.6772
   9.000   1.3836   0.01448   0.00845  -0.0845   0.0332   0.6673
   8.500   1.3392   0.01366   0.00763  -0.0862   0.0396   0.6571
   8.000   1.2919   0.01289   0.00688  -0.0876   0.0487   0.6470
   7.500   1.2432   0.01212   0.00615  -0.0887   0.0624   0.6372
   7.000   1.1931   0.01135   0.00547  -0.0896   0.0821   0.6277
   6.500   1.1421   0.01057   0.00481  -0.0903   0.1099   0.6177
   6.000   1.0904   0.00976   0.00416  -0.0909   0.1474   0.6079
   5.500   1.0379   0.00894   0.00354  -0.0913   0.1947   0.5982
   5.000   0.9848   0.00809   0.00295  -0.0916   0.2523   0.5886
   4.500   0.9304   0.00731   0.00243  -0.0917   0.3138   0.5787
   4.000   0.8736   0.00672   0.00204  -0.0914   0.3653   0.5687
   3.500   0.8144   0.00635   0.00178  -0.0908   0.4005   0.5588
   3.000   0.7539   0.00610   0.00160  -0.0901   0.4254   0.5486
   2.500   0.6926   0.00592   0.00146  -0.0892   0.4446   0.5381
   2.000   0.6309   0.00579   0.00134  -0.0882   0.4600   0.5278
   1.500   0.5689   0.00569   0.00125  -0.0872   0.4728   0.5168
   1.000   0.5066   0.00561   0.00118  -0.0861   0.4838   0.5059
   0.500   0.4441   0.00556   0.00113  -0.0850   0.4936   0.4946
   0.000   0.3815   0.00552   0.00108  -0.0839   0.5027   0.4825
  -0.500   0.3188   0.00549   0.00106  -0.0828   0.5115   0.4701
  -1.000   0.2559   0.00549   0.00104  -0.0816   0.5200   0.4567
  -1.500   0.1930   0.00550   0.00105  -0.0804   0.5283   0.4416
  -2.000   0.1299   0.00555   0.00107  -0.0792   0.5367   0.4195
  -2.500   0.0663   0.00578   0.00115  -0.0776   0.5448   0.3652
  -3.000   0.0028   0.00601   0.00126  -0.0762   0.5529   0.3197
  -3.500  -0.0608   0.00635   0.00143  -0.0746   0.5610   0.2624
  -4.000  -0.1243   0.00682   0.00168  -0.0729   0.5691   0.1934
  -4.500  -0.1874   0.00736   0.00200  -0.0712   0.5772   0.1277
  -5.000  -0.2501   0.00778   0.00229  -0.0698   0.5855   0.0890
  -5.500  -0.3125   0.00813   0.00257  -0.0685   0.5938   0.0669
  -6.500  -0.4367   0.00878   0.00317  -0.0663   0.6109   0.0455
  -7.000  -0.4985   0.00912   0.00350  -0.0652   0.6197   0.0392
  -7.500  -0.5600   0.00948   0.00387  -0.0643   0.6286   0.0346
  -8.000  -0.6212   0.00987   0.00427  -0.0633   0.6376   0.0309
  -8.500  -0.6820   0.01029   0.00471  -0.0624   0.6469   0.0280
  -9.000  -0.7423   0.01075   0.00520  -0.0616   0.6565   0.0257
