 -10.000  -0.8492   0.01397   0.00825  -0.0599   0.7512   0.0296
  -9.500  -0.7930   0.01318   0.00739  -0.0605   0.7384   0.0319
  -9.000  -0.7354   0.01249   0.00663  -0.0612   0.7264   0.0348
  -8.500  -0.6771   0.01183   0.00593  -0.0620   0.7149   0.0383
  -8.000  -0.6178   0.01126   0.00532  -0.0628   0.7039   0.0430
  -7.500  -0.5579   0.01071   0.00476  -0.0637   0.6932   0.0494
  -6.500  -0.4367   0.00968   0.00376  -0.0658   0.6730   0.0747
  -6.000  -0.3756   0.00908   0.00327  -0.0671   0.6632   0.1058
  -5.500  -0.3141   0.00823   0.00270  -0.0688   0.6538   0.1767
  -5.000  -0.2518   0.00733   0.00217  -0.0707   0.6447   0.2789
  -4.500  -0.1888   0.00681   0.00187  -0.0723   0.6356   0.3485
  -4.000  -0.1256   0.00654   0.00170  -0.0737   0.6266   0.3915
  -3.500  -0.0625   0.00638   0.00158  -0.0749   0.6177   0.4227
  -3.000   0.0005   0.00627   0.00150  -0.0762   0.6090   0.4484
  -2.500   0.0635   0.00618   0.00145  -0.0774   0.6005   0.4803
  -2.000   0.1264   0.00616   0.00142  -0.0785   0.5920   0.4974
  -1.500   0.1892   0.00615   0.00140  -0.0797   0.5836   0.5107
  -1.000   0.2519   0.00616   0.00140  -0.0808   0.5751   0.5230
  -0.500   0.3146   0.00618   0.00142  -0.0819   0.5665   0.5352
   0.000   0.3771   0.00621   0.00145  -0.0830   0.5579   0.5463
   0.500   0.4395   0.00626   0.00150  -0.0841   0.5493   0.5577
   1.000   0.5017   0.00632   0.00157  -0.0851   0.5405   0.5684
   1.500   0.5638   0.00640   0.00165  -0.0861   0.5316   0.5791
   2.500   0.6877   0.00657   0.00186  -0.0881   0.5117   0.6000
   3.000   0.7492   0.00669   0.00199  -0.0890   0.5002   0.6103
   3.500   0.8104   0.00684   0.00214  -0.0898   0.4869   0.6208
   4.000   0.8713   0.00701   0.00232  -0.0906   0.4713   0.6307
   4.500   0.9316   0.00722   0.00253  -0.0913   0.4518   0.6409
   5.000   0.9910   0.00752   0.00278  -0.0918   0.4278   0.6511
   5.500   1.0493   0.00790   0.00310  -0.0922   0.3985   0.6612
   6.000   1.1055   0.00844   0.00353  -0.0922   0.3588   0.6713
   6.500   1.1575   0.00931   0.00417  -0.0917   0.3019   0.6814
   7.000   1.2037   0.01056   0.00508  -0.0904   0.2309   0.6918
   7.500   1.2464   0.01191   0.00614  -0.0886   0.1677   0.7019
   8.000   1.2869   0.01324   0.00725  -0.0864   0.1204   0.7124
   8.500   1.3250   0.01453   0.00839  -0.0839   0.0882   0.7234
   9.000   1.3551   0.01580   0.00961  -0.0800   0.0680   0.7344
