-10.0  0.706483  0.0235362
-9.5  0.698729  0.0254782
-9.0  0.690989  0.0121149
-8.5  0.675552  0.00396937
-8.0  0.667855  0.00018477
-7.5  0.660172  -0.000165726
-7.0  0.644848  0.00194219
-6.5  0.637206  0.00649307
-6.0  0.629579  0.0127354
-5.5  0.621965  0.0235362
-5.0  0.614364  0.0430698
-4.5  0.606777  0.0862439
-4.0  0.591642  0.164101
-3.5  0.584094  0.257834
-3.0  0.576559  0.391311
-2.5  0.569037  0.436433
-2.0  0.561527  0.459115
-1.5  0.55403  0.474284
-1.0  0.546545  0.489493
-0.5  0.539072  0.497113
0.0  0.531611  0.512385
0.5  0.516724  0.520037
1.0  0.509297  0.535379
1.5  0.501882  0.543067
2.0  0.494477  0.558483
2.5  0.399114  0.566212
3.0  0.333901  0.573954
3.5  0.262176  0.589481
4.0  0.191865  0.597268
4.5  0.131635  0.60507
5.0  0.0790561  0.612888
5.5  0.0420839  0.628574
6.0  0.0208325  0.636443
6.5  0.00986229  0.644327
7.0  0.00278494  0.652228
7.5  -0.000267664  0.668071
8.0  0.000766761  0.67601
8.5  0.00649307  0.683954
