-10.0  0.675552  0.0199841
-9.5  0.660172  0.0217074
-9.0  0.652503  0.017558
-8.5  0.644848  0.0160679
-8.0  0.637206  0.0146676
-7.5  0.621965  0.0121149
-7.0  0.614364  0.0109532
-6.5  0.606777  0.00883899
-6.0  0.599203  0.00788019
-5.5  0.591642  0.00614539
-5.0  0.584094  0.00464017
-4.5  0.576559  0.00396937
-4.0  0.569037  0.00278494
-3.5  0.55403  0.00180287
-3.0  0.391839  0.00101485
-2.5  0.269304  0.000691741
-2.0  0.151188  0.00018477
-1.5  0.0692698  -0.000153738
-1.0  0.017558  -0.000342388
-0.5  -0.000372917  -0.000354633
0.0  -0.000354633  0.00737169
0.5  -0.000165726  0.0430698
1.0  0.000211061  0.110128
1.5  0.000766761  0.21413
2.0  0.00150305  0.331625
2.5  0.00194219  0.451545
3.0  0.00297149  0.543067
3.5  0.00421175  0.550769
4.0  0.00491465  0.566212
4.5  0.00649307  0.573954
5.0  0.00737169  0.58171
5.5  0.00931653  0.597268
6.0  0.0103867  0.60507
6.5  0.0115254  0.612888
7.0  0.0140198  0.620723
7.5  0.0153824  0.636443
8.0  0.0168273  0.644327
8.5  0.0199841  0.652228
