-10.0 0.025  0.025 
-9.5 0.025  0.025 
-9.0 0.025  0.025 
-8.5 0.025  0.025 
-8.0 0.025  0.025 
-7.5 0.025  0.025 
-7.0 0.025  0.025 
-6.5 0.025  0.025 
-6.0 0.025  0.025 
-5.5 0.025  0.025 
-5.0 0.025  0.025 
-4.5 0.025  0.025 
-4.0 0.025  0.025 
-3.5 0.025  0.025 
-3.0 0.025  0.025 
-2.5 0.025  0.025 
-2.0 0.025  0.025 
-1.5 0.025  0.025 
-1.0 0.025  0.025 
-0.5 0.025  0.025 
0.0 0.025  0.025 
0.5 0.025  0.025 
1.0 0.025  0.025 
1.5 0.025  0.025 
2.0 0.025  0.025 
2.5 0.025  0.025 
3.0 0.025  0.025 
3.5 0.025  0.025 
4.0 0.025  0.025 
4.5 0.025  0.025 
5.0 0.025  0.025 
5.5 0.025  0.025 
6.0 0.025  0.025 
6.5 0.025  0.025 
7.0 0.025  0.025 
7.5 0.025  0.025 
8.0 0.025  0.025 
8.5 0.025  0.025 
