-10.0  0.716443  0.0170179
-9.5  0.675207  0.0148878
-9.0  0.644247  0.0129356
-8.5  0.623591  0.0111531
-8.0  0.613259  0.00953237
-7.5  0.592582  0.00806631
-7.0  0.582237  0.006748
-6.5  0.571888  0.00557084
-6.0  0.551174  0.0045284
-5.5  0.540809  0.0028222
-5.0  0.530438  0.00214544
-4.5  0.415921  0.00157721
-4.0  0.353174  0.000737326
-3.5  0.269599  0.000450332
-3.0  0.197189  0.00010196
-2.5  0.126336  0.00299944
-2.0  0.0659966  0.0200063
-1.5  0.027504  0.0547806
-1.0  0.00361433  0.107837
-0.5  0.00094674  0.156603
0.0  0.00180203  0.208626
0.5  0.00235531  0.240505
1.0  0.00299944  0.304045
1.5  0.00458188  0.304045
2.0  0.00553134  0.304045
2.5  0.00659407  0.304045
3.0  0.00777628  0.31451
3.5  0.00908452  0.31451
4.0  0.0121074  0.31451
4.5  0.0138374  0.31451
5.0  0.0157244  0.31451
5.5  0.0157244  0.324933
6.0  0.0177774  0.324933
6.5  0.0200063  0.324933
7.0  0.0224218  0.335314
7.5  0.0458978  0.335314
8.0  0.0416772  0.335314
8.5  0.0340787  0.335314
