 -10.000  -0.5025   0.05749   0.05083  -0.0763   0.0500   0.0500
  -9.500  -0.4838   0.05376   0.04705  -0.0777   0.0500   0.0500
  -9.000  -0.4662   0.04997   0.04320  -0.0792   0.0500   0.0500
  -8.500  -0.4499   0.04608   0.03927  -0.0807   0.0500   0.0500
  -8.000  -0.4352   0.04211   0.03524  -0.0822   0.0500   0.0500
  -7.500  -0.4235   0.03794   0.03101  -0.0838   0.0500   0.0500
  -7.000  -0.4218   0.03345   0.02647  -0.0847   0.0500   0.0500
  -6.500  -0.4181   0.02824   0.02117  -0.0887   0.0500   0.0500
  -6.000  -0.3813   0.02293   0.01574  -0.0984   0.0500   0.0500
  -5.500  -0.3173   0.01851   0.01118  -0.1100   0.0500   0.0500
  -5.000  -0.2403   0.01569   0.00821  -0.1204   0.0500   0.0500
  -4.500  -0.1717   0.01489   0.00735  -0.1248   0.0500   0.0500
  -4.000  -0.1043   0.01435   0.00675  -0.1282   0.0500   0.0500
  -3.500  -0.0376   0.01395   0.00630  -0.1312   0.0500   0.0500
  -3.000   0.0285   0.01364   0.00595  -0.1338   0.0500   0.0500
  -2.500   0.0942   0.01339   0.00567  -0.1362   0.0500   0.0500
  -2.000   0.1595   0.01320   0.00544  -0.1384   0.0500   0.0500
  -1.500   0.2244   0.01306   0.00528  -0.1404   0.0500   0.0500
  -1.000   0.2889   0.01296   0.00515  -0.1423   0.0500   0.0500
  -0.500   0.3530   0.01289   0.00507  -0.1439   0.0500   0.0500
   0.000   0.4166   0.01286   0.00502  -0.1454   0.0500   0.0500
   0.500   0.4799   0.01286   0.00501  -0.1468   0.0500   0.0500
   1.000   0.5426   0.01288   0.00503  -0.1480   0.0500   0.0500
   1.500   0.6049   0.01294   0.00508  -0.1491   0.0500   0.0500
   2.000   0.6666   0.01302   0.00517  -0.1500   0.0500   0.0500
   2.500   0.7277   0.01313   0.00528  -0.1508   0.0500   0.0500
   3.000   0.7882   0.01326   0.00542  -0.1514   0.0500   0.0500
   3.500   0.8480   0.01343   0.00560  -0.1518   0.0500   0.0500
   4.000   0.9070   0.01362   0.00581  -0.1520   0.0500   0.0500
   4.500   0.9651   0.01383   0.00605  -0.1520   0.0500   0.0500
   5.000   1.0223   0.01408   0.00632  -0.1518   0.0500   0.0500
   5.500   1.0782   0.01435   0.00662  -0.1513   0.0500   0.0500
   6.000   1.1328   0.01465   0.00696  -0.1505   0.0500   0.0500
   6.500   1.1857   0.01499   0.00734  -0.1494   0.0500   0.0500
   7.000   1.2328   0.01535   0.00775  -0.1472   0.0500   0.0500
   7.500   1.2750   0.01576   0.00821  -0.1440   0.0500   0.0500
   8.000   1.3229   0.01628   0.00880  -0.1420   0.0500   0.0500
   8.500   1.3649   0.01710   0.00962  -0.1392   0.0433   0.0500
