 -10.000  -0.8106   0.00859   0.00459  -0.1280   0.7250   0.2619
  -9.500  -0.7462   0.00842   0.00425  -0.1301   0.6813   0.2644
  -9.000  -0.6809   0.00824   0.00395  -0.1322   0.6539   0.2668
  -8.500  -0.6154   0.00810   0.00371  -0.1342   0.6322   0.2687
  -8.000  -0.5499   0.00798   0.00350  -0.1362   0.6142   0.2702
  -7.500  -0.4844   0.00788   0.00332  -0.1381   0.5991   0.2715
  -7.000  -0.4190   0.00781   0.00316  -0.1399   0.5850   0.2723
  -6.000  -0.2872   0.00756   0.00281  -0.1439   0.5608   0.2773
  -5.500  -0.2216   0.00748   0.00268  -0.1458   0.5494   0.2794
  -5.000  -0.1562   0.00743   0.00258  -0.1475   0.5390   0.2811
  -4.500  -0.0910   0.00739   0.00249  -0.1492   0.5290   0.2823
  -4.000  -0.0259   0.00737   0.00242  -0.1508   0.5194   0.2835
  -3.500   0.0396   0.00731   0.00233  -0.1526   0.5099   0.2863
  -3.000   0.1048   0.00727   0.00227  -0.1542   0.5008   0.2887
  -2.500   0.1698   0.00725   0.00223  -0.1557   0.4922   0.2909
  -2.000   0.2344   0.00726   0.00221  -0.1572   0.4836   0.2924
  -1.500   0.2988   0.00729   0.00220  -0.1585   0.4750   0.2935
  -1.000   0.3635   0.00729   0.00219  -0.1599   0.4669   0.2963
  -0.500   0.4279   0.00731   0.00220  -0.1613   0.4581   0.2990
   0.000   0.4920   0.00735   0.00222  -0.1625   0.4498   0.3013
   0.500   0.5559   0.00740   0.00226  -0.1636   0.4418   0.3033
   1.000   0.6195   0.00747   0.00232  -0.1646   0.4333   0.3050
   1.500   0.6830   0.00753   0.00238  -0.1657   0.4247   0.3081
   2.000   0.7462   0.00763   0.00246  -0.1666   0.4156   0.3107
   2.500   0.8090   0.00773   0.00256  -0.1674   0.4064   0.3130
   3.000   0.8714   0.00785   0.00268  -0.1680   0.3973   0.3147
   3.500   0.9334   0.00801   0.00282  -0.1686   0.3845   0.3182
   4.000   0.9917   0.00840   0.00307  -0.1685   0.3480   0.3211
   4.500   1.0463   0.00903   0.00347  -0.1678   0.2981   0.3233
   5.000   1.1006   0.00965   0.00389  -0.1670   0.2570   0.3249
   5.500   1.1506   0.01050   0.00450  -0.1654   0.2018   0.3289
   6.000   1.1960   0.01155   0.00527  -0.1630   0.1430   0.3318
   6.500   1.2392   0.01262   0.00608  -0.1602   0.0945   0.3340
   7.000   1.2830   0.01351   0.00683  -0.1574   0.0659   0.3360
   7.500   1.3268   0.01425   0.00751  -0.1546   0.0504   0.3395
   8.000   1.3616   0.01491   0.00816  -0.1500   0.0423   0.3424
   8.500   1.4027   0.01571   0.00895  -0.1467   0.0361   0.3452
