 -10.000  -0.8069   0.00891   0.00512  -0.1276   0.8360   0.2668
  -9.500  -0.7486   0.00897   0.00480  -0.1285   0.7391   0.2686
  -9.000  -0.6857   0.00890   0.00452  -0.1301   0.6904   0.2703
  -8.500  -0.6213   0.00879   0.00426  -0.1320   0.6611   0.2715
  -8.000  -0.5565   0.00869   0.00403  -0.1339   0.6385   0.2725
  -7.500  -0.4906   0.00848   0.00374  -0.1361   0.6204   0.2749
  -7.000  -0.4250   0.00833   0.00351  -0.1382   0.6039   0.2770
  -6.500  -0.3594   0.00822   0.00332  -0.1401   0.5903   0.2791
  -6.000  -0.2940   0.00813   0.00317  -0.1420   0.5773   0.2810
  -5.500  -0.2288   0.00806   0.00303  -0.1437   0.5653   0.2823
  -5.000  -0.1636   0.00800   0.00290  -0.1455   0.5538   0.2836
  -4.500  -0.0979   0.00790   0.00276  -0.1474   0.5430   0.2861
  -4.000  -0.0326   0.00783   0.00266  -0.1491   0.5330   0.2883
  -3.500   0.0325   0.00779   0.00258  -0.1508   0.5234   0.2906
  -3.000   0.0973   0.00777   0.00253  -0.1523   0.5140   0.2923
  -2.500   0.1619   0.00777   0.00249  -0.1538   0.5051   0.2935
  -2.000   0.2269   0.00774   0.00243  -0.1553   0.4962   0.2961
  -1.500   0.2915   0.00773   0.00241  -0.1568   0.4872   0.2985
  -1.000   0.3558   0.00776   0.00241  -0.1581   0.4783   0.3007
  -0.500   0.4199   0.00778   0.00242  -0.1594   0.4703   0.3027
   0.000   0.4837   0.00783   0.00245  -0.1605   0.4616   0.3044
   0.500   0.5478   0.00786   0.00248  -0.1618   0.4534   0.3074
   1.000   0.6114   0.00792   0.00253  -0.1628   0.4450   0.3100
   1.500   0.6745   0.00800   0.00261  -0.1638   0.4361   0.3123
   2.000   0.7374   0.00810   0.00269  -0.1646   0.4273   0.3140
   2.500   0.8003   0.00819   0.00279  -0.1655   0.4185   0.3171
   3.000   0.8629   0.00829   0.00291  -0.1662   0.4093   0.3201
   3.500   0.9248   0.00843   0.00305  -0.1668   0.3999   0.3226
   4.000   0.9850   0.00868   0.00324  -0.1670   0.3808   0.3246
   4.500   1.0410   0.00920   0.00357  -0.1665   0.3360   0.3274
   5.000   1.0966   0.00973   0.00395  -0.1659   0.2993   0.3307
   5.500   1.1491   0.01041   0.00444  -0.1647   0.2562   0.3335
   6.000   1.1948   0.01145   0.00518  -0.1624   0.1965   0.3354
   6.500   1.2350   0.01270   0.00611  -0.1592   0.1325   0.3386
   7.000   1.2740   0.01383   0.00703  -0.1556   0.0885   0.3415
   7.500   1.3078   0.01474   0.00783  -0.1510   0.0646   0.3440
   8.000   1.3440   0.01563   0.00867  -0.1469   0.0508   0.3465
   8.500   1.3835   0.01654   0.00957  -0.1436   0.0421   0.3504
