 -10.000  -0.5311   0.05436   0.04799  -0.0772   0.0500   0.0500
  -9.500  -0.5141   0.05048   0.04407  -0.0788   0.0500   0.0500
  -9.000  -0.4987   0.04649   0.04001  -0.0803   0.0500   0.0500
  -8.500  -0.4846   0.04242   0.03590  -0.0820   0.0500   0.0500
  -8.000  -0.4740   0.03808   0.03150  -0.0837   0.0500   0.0500
  -7.500  -0.4699   0.03347   0.02683  -0.0852   0.0500   0.0500
  -7.000  -0.4715   0.02804   0.02132  -0.0888   0.0500   0.0500
  -6.500  -0.4364   0.02246   0.01563  -0.0988   0.0500   0.0500
  -6.000  -0.3728   0.01794   0.01096  -0.1106   0.0500   0.0500
  -5.500  -0.2957   0.01513   0.00801  -0.1210   0.0500   0.0500
  -5.000  -0.2272   0.01435   0.00717  -0.1253   0.0500   0.0500
  -4.500  -0.1599   0.01382   0.00658  -0.1287   0.0500   0.0500
  -4.000  -0.0931   0.01341   0.00612  -0.1317   0.0500   0.0500
  -3.500  -0.0268   0.01309   0.00576  -0.1343   0.0500   0.0500
  -3.000   0.0391   0.01284   0.00547  -0.1368   0.0500   0.0500
  -2.500   0.1047   0.01264   0.00524  -0.1390   0.0500   0.0500
  -2.000   0.1699   0.01248   0.00506  -0.1411   0.0500   0.0500
  -1.500   0.2348   0.01236   0.00492  -0.1430   0.0500   0.0500
  -1.000   0.2993   0.01228   0.00481  -0.1448   0.0500   0.0500
  -0.500   0.3635   0.01223   0.00474  -0.1464   0.0500   0.0500
   0.000   0.4273   0.01220   0.00471  -0.1479   0.0500   0.0500
   0.500   0.4907   0.01220   0.00470  -0.1492   0.0500   0.0500
   1.000   0.5536   0.01224   0.00472  -0.1504   0.0500   0.0500
   1.500   0.6161   0.01229   0.00478  -0.1515   0.0500   0.0500
   2.000   0.6782   0.01237   0.00486  -0.1525   0.0500   0.0500
   2.500   0.7396   0.01247   0.00497  -0.1532   0.0500   0.0500
   3.000   0.8006   0.01260   0.00510  -0.1539   0.0500   0.0500
   3.500   0.8608   0.01275   0.00526  -0.1543   0.0500   0.0500
   4.000   0.9204   0.01293   0.00545  -0.1546   0.0500   0.0500
   4.500   0.9792   0.01313   0.00567  -0.1547   0.0500   0.0500
   5.000   1.0372   0.01336   0.00592  -0.1546   0.0500   0.0500
   5.500   1.0942   0.01361   0.00620  -0.1543   0.0500   0.0500
   6.000   1.1499   0.01389   0.00651  -0.1537   0.0500   0.0500
   6.500   1.2044   0.01420   0.00686  -0.1528   0.0500   0.0500
   7.000   1.2570   0.01454   0.00724  -0.1516   0.0500   0.0500
   7.500   1.3035   0.01490   0.00765  -0.1491   0.0500   0.0500
   8.000   1.3414   0.01548   0.00824  -0.1452   0.0437   0.0500
   8.500   1.3836   0.01627   0.00902  -0.1423   0.0369   0.0500
