 -10.000  -0.4905   0.05602   0.05133  -0.0771   0.7022   0.0170
  -9.500  -0.4695   0.05251   0.04767  -0.0786   0.6669   0.0149
  -9.000  -0.4514   0.04864   0.04368  -0.0803   0.6437   0.0129
  -8.500  -0.4344   0.04468   0.03963  -0.0821   0.6236   0.0112
  -8.000  -0.4180   0.04064   0.03551  -0.0840   0.6104   0.0095
  -7.500  -0.4037   0.03645   0.03123  -0.0860   0.5926   0.0081
  -7.000  -0.3962   0.03177   0.02647  -0.0882   0.5822   0.0067
  -6.500  -0.3875   0.02641   0.02101  -0.0931   0.5719   0.0056
  -6.000  -0.3496   0.02079   0.01525  -0.1037   0.5512   0.0045
  -5.500  -0.2843   0.01599   0.01032  -0.1163   0.5408   0.0028
  -5.000  -0.2061   0.01305   0.00726  -0.1270   0.5304   0.0021
  -4.500  -0.1450   0.01274   0.00648  -0.1301   0.4159   0.0016
  -4.000  -0.0811   0.01245   0.00595  -0.1329   0.3532   0.0007
  -3.500  -0.0193   0.01245   0.00564  -0.1351   0.2696   0.0005
  -3.000   0.0432   0.01247   0.00541  -0.1371   0.1972   0.0001
  -2.500   0.1058   0.01253   0.00525  -0.1389   0.1263   0.0030
  -2.000   0.1692   0.01253   0.00511  -0.1408   0.0660   0.0200
  -1.500   0.2345   0.01240   0.00492  -0.1430   0.0275   0.0548
  -1.000   0.3028   0.01206   0.00463  -0.1459   0.0036   0.1078
  -0.500   0.3724   0.01166   0.00430  -0.1492   0.0009   0.1566
   0.000   0.4431   0.01121   0.00397  -0.1527   0.0018   0.2086
   0.500   0.5098   0.01105   0.00388  -0.1550   0.0024   0.2405
   1.000   0.5782   0.01078   0.00384  -0.1578   0.0030   0.3040
   1.500   0.6390   0.01100   0.00402  -0.1583   0.0046   0.3040
   2.000   0.6992   0.01123   0.00423  -0.1587   0.0055   0.3040
   2.500   0.7589   0.01149   0.00445  -0.1590   0.0066   0.3040
   3.000   0.8187   0.01173   0.00471  -0.1593   0.0078   0.3142
   3.500   0.8771   0.01202   0.00498  -0.1593   0.0091   0.3145
   4.000   0.9353   0.01231   0.00525  -0.1592   0.0121   0.3145
   4.500   0.9924   0.01263   0.00556  -0.1588   0.0138   0.3145
   5.000   1.0487   0.01296   0.00589  -0.1583   0.0157   0.3145
   5.500   1.1040   0.01332   0.00628  -0.1576   0.0157   0.3249
   6.000   1.1581   0.01370   0.00666  -0.1567   0.0178   0.3249
   6.500   1.2110   0.01409   0.00707  -0.1554   0.0200   0.3249
   7.000   1.2628   0.01448   0.00752  -0.1540   0.0224   0.3353
   7.500   1.3232   0.01437   0.00759  -0.1539   0.0459   0.3353
   8.000   1.3604   0.01495   0.00817  -0.1497   0.0417   0.3353
   8.500   1.4002   0.01581   0.00900  -0.1463   0.0341   0.3353
