-10.0 0.05  0.05 
-9.5 0.05  0.05 
-9.0 0.05  0.05 
-8.5 0.05  0.05 
-8.0 0.05  0.05 
-7.5 0.05  0.05 
-7.0 0.05  0.05 
-6.5 0.05  0.05 
-6.0 0.05  0.05 
-5.5 0.05  0.05 
-5.0 0.05  0.05 
-4.5 0.05  0.05 
-4.0 0.05  0.05 
-3.5 0.05  0.05 
-3.0 0.05  0.05 
-2.5 0.05  0.05 
-2.0 0.05  0.05 
-1.5 0.05  0.05 
-1.0 0.05  0.05 
-0.5 0.05  0.05 
0.0 0.05  0.05 
0.5 0.05  0.05 
1.0 0.05  0.05 
1.5 0.05  0.05 
2.0 0.05  0.05 
2.5 0.05  0.05 
3.0 0.05  0.05 
3.5 0.05  0.05 
4.0 0.05  0.05 
4.5 0.05  0.05 
5.0 0.05  0.05 
5.5 0.05  0.05 
6.0 0.05  0.05 
6.5 0.05  0.05 
7.0 0.05  0.05 
7.5 0.05  0.05 
8.0 0.05  0.05 
8.5 0.05  0.05 
7.0 0.005  0.005 
7.5 0.005  0.005 
8.0 0.005  0.005 
8.5 0.005  0.005 
