-10.0  0.829389  0.0170179
-9.5  0.737039  0.0148878
-9.0  0.685521  0.0129356
-8.5  0.65457  0.0111531
-8.0  0.633921  0.00953237
-7.5  0.613259  0.00806631
-7.0  0.602922  0.006748
-6.5  0.582237  0.000450332
-6.0  0.571888  0.00299944
-5.5  0.561534  0.0157244
-5.0  0.551174  0.0377308
-4.5  0.540809  0.0712119
-4.0  0.530438  0.107837
-3.5  0.520061  0.156603
-3.0  0.509678  0.187576
-2.5  0.499288  0.219227
-2.0  0.488891  0.251153
-1.5  0.395018  0.293537
-1.0  0.332248  0.293537
-0.5  0.290448  0.293537
0.0  0.228088  0.304045
0.5  0.166571  0.304045
1.0  0.116973  0.304045
1.5  0.0719253  0.304045
2.0  0.0377427  0.304045
2.5  0.0170179  0.31451
3.0  0.00361433  0.31451
3.5  0.00094674  0.31451
4.0  0.0121074  0.31451
4.5  0.0138374  0.324933
5.0  0.0157244  0.324933
5.5  0.0157244  0.324933
6.0  0.0177774  0.335314
6.5  0.0200063  0.335314
7.0  0.0224218  0.335314
7.5  0.0604508  0.335314
8.0  0.0504214  0.345656
8.5  0.0416772  0.345656
