 -10.000  -0.4605   0.05833   0.05392  -0.0771   0.8294   0.0170
  -9.500  -0.4439   0.05495   0.05006  -0.0781   0.7187   0.0149
  -9.000  -0.4233   0.05145   0.04639  -0.0795   0.6782   0.0129
  -8.500  -0.4050   0.04766   0.04247  -0.0811   0.6526   0.0112
  -8.000  -0.3874   0.04377   0.03849  -0.0829   0.6328   0.0095
  -7.500  -0.3710   0.03980   0.03442  -0.0847   0.6133   0.0081
  -7.000  -0.3567   0.03559   0.03014  -0.0867   0.6025   0.0067
  -6.500  -0.3494   0.03131   0.02575  -0.0882   0.5822   0.0005
  -6.000  -0.3355   0.02588   0.02021  -0.0942   0.5719   0.0030
  -5.500  -0.2926   0.01970   0.01392  -0.1067   0.5615   0.0157
  -5.000  -0.2138   0.01393   0.00800  -0.1238   0.5512   0.0377
  -4.500  -0.1390   0.01228   0.00634  -0.1312   0.5408   0.0712
  -4.000  -0.0657   0.01112   0.00522  -0.1368   0.5304   0.1078
  -3.500   0.0095   0.00995   0.00413  -0.1426   0.5201   0.1566
  -3.000   0.0809   0.00925   0.00350  -0.1467   0.5097   0.1876
  -2.500   0.1517   0.00866   0.00299  -0.1504   0.4993   0.2192
  -2.000   0.2214   0.00820   0.00263  -0.1536   0.4889   0.2512
  -1.500   0.2833   0.00836   0.00256  -0.1554   0.3950   0.2935
  -1.000   0.3424   0.00880   0.00271  -0.1559   0.3322   0.2935
  -0.500   0.4028   0.00914   0.00286  -0.1565   0.2904   0.2935
   0.000   0.4610   0.00964   0.00314  -0.1569   0.2281   0.3040
   0.500   0.5183   0.01020   0.00344  -0.1570   0.1666   0.3040
   1.000   0.5761   0.01070   0.00374  -0.1571   0.1170   0.3040
   1.500   0.6334   0.01120   0.00406  -0.1570   0.0719   0.3040
   2.000   0.6908   0.01165   0.00437  -0.1570   0.0377   0.3040
   2.500   0.7489   0.01202   0.00470  -0.1570   0.0170   0.3145
   3.000   0.8062   0.01241   0.00504  -0.1568   0.0036   0.3145
   3.500   0.8635   0.01276   0.00537  -0.1566   0.0009   0.3145
   4.000   0.9221   0.01298   0.00559  -0.1566   0.0121   0.3145
   4.500   0.9789   0.01330   0.00594  -0.1563   0.0138   0.3249
   5.000   1.0344   0.01365   0.00629  -0.1557   0.0157   0.3249
   5.500   1.0881   0.01407   0.00670  -0.1547   0.0157   0.3249
   6.000   1.1414   0.01445   0.00714  -0.1537   0.0178   0.3348
   6.500   1.1927   0.01487   0.00758  -0.1522   0.0200   0.3353
   7.000   1.2356   0.01529   0.00803  -0.1491   0.0224   0.3353
   7.500   1.3037   0.01486   0.00788  -0.1502   0.0605   0.3353
   8.000   1.3436   0.01565   0.00868  -0.1468   0.0504   0.3457
   8.500   1.3827   0.01657   0.00958  -0.1434   0.0417   0.3457
