s814
    1.000000     -0.1562500E-02
   0.9990506     -0.1330908E-02
   0.9980389     -0.1087118E-02
   0.9969608     -0.8307154E-03
   0.9958120     -0.5613122E-03
   0.9945876     -0.2785502E-03
   0.9932827      0.1788726E-04
   0.9918920      0.3282647E-03
   0.9904098      0.6527821E-03
   0.9888299      0.9915599E-03
   0.9871459      0.1344623E-02
   0.9853508      0.1711880E-02
   0.9834374      0.2093104E-02
   0.9813975      0.2487905E-02
   0.9792230      0.2895705E-02
   0.9769047      0.3315704E-02
   0.9744331      0.3746847E-02
   0.9717982      0.4187785E-02
   0.9689889      0.4636829E-02
   0.9659938      0.5091910E-02
   0.9628006      0.5550520E-02
   0.9593961      0.6009660E-02
   0.9557664      0.6465785E-02
   0.9518970      0.6914737E-02
   0.9477718      0.7351683E-02
   0.9433745      0.7771050E-02
   0.9386873      0.8166461E-02
   0.9336915      0.8530672E-02
   0.9283674      0.8855511E-02
   0.9226941      0.9131835E-02
   0.9166495      0.9349477E-02
   0.9102103      0.9497227E-02
   0.9033519      0.9562816E-02
   0.8960483      0.9532920E-02
   0.8882720      0.9393184E-02
   0.8799942      0.9128269E-02
   0.8711842      0.8721907E-02
   0.8618097      0.8156988E-02
   0.8518365      0.7415635E-02
   0.8412282      0.6479290E-02
   0.8306331      0.5403152E-02
   0.8200519      0.4198324E-02
   0.8094848      0.2875009E-02
   0.7989320      0.1442502E-02
   0.7883934     -0.9079830E-04
   0.7778687     -0.1717364E-02
   0.7673578     -0.3430502E-02
   0.7568603     -0.5224308E-02
   0.7463760     -0.7093616E-02
   0.7359047     -0.9033954E-02
   0.7254460     -0.1104148E-01
   0.7149997     -0.1311292E-01
   0.7045658     -0.1524554E-01
   0.6941441     -0.1743706E-01
   0.6837346     -0.1968561E-01
   0.6733372     -0.2198970E-01
   0.6629520     -0.2434809E-01
   0.6525790     -0.2675986E-01
   0.6422185     -0.2922424E-01
   0.6318704     -0.3174063E-01
   0.6215350     -0.3430852E-01
   0.6112124     -0.3692746E-01
   0.6009028     -0.3959699E-01
   0.5906063     -0.4231661E-01
   0.5803229     -0.4508570E-01
   0.5700529     -0.4790352E-01
   0.5597960     -0.5076909E-01
   0.5495523     -0.5368123E-01
   0.5393214     -0.5663840E-01
   0.5291032     -0.5963876E-01
   0.5188970     -0.6268001E-01
   0.5087023     -0.6575941E-01
   0.4985182     -0.6887369E-01
   0.4883436     -0.7201900E-01
   0.4781773     -0.7519086E-01
   0.4680177     -0.7838404E-01
   0.4578629     -0.8159257E-01
   0.4477107     -0.8480963E-01
   0.4375589     -0.8802748E-01
   0.4274045     -0.9123736E-01
   0.4172445     -0.9442948E-01
   0.4070755     -0.9759286E-01
   0.3968939     -0.1007153    
   0.3866958     -0.1037833    
   0.3764771     -0.1067819    
   0.3662336     -0.1096948    
   0.3559612     -0.1125041    
   0.3456559     -0.1151903    
   0.3353143     -0.1177326    
   0.3249332     -0.1201085    
   0.3145105     -0.1222944    
   0.3040451     -0.1242655    
   0.2935373     -0.1259961    
   0.2829891     -0.1274606    
   0.2724046     -0.1286332    
   0.2617898     -0.1294893    
   0.2511532     -0.1300061    
   0.2405052     -0.1301632    
   0.2298584     -0.1299436    
   0.2192269     -0.1293343    
   0.2086256     -0.1283270    
   0.1980703     -0.1269177    
   0.1875763     -0.1251073    
   0.1771583     -0.1229012    
   0.1668297     -0.1203082    
   0.1566026     -0.1173404    
   0.1464871     -0.1140118    
   0.1364917     -0.1103379    
   0.1266236     -0.1063348    
   0.1168885     -0.1020182    
   0.1078369     -0.9767504E-01
   0.9941895E-01 -0.9334779E-01
   0.9158850E-01 -0.8906897E-01
   0.8430282E-01 -0.8486322E-01
   0.7752264E-01 -0.8074880E-01
   0.7121195E-01 -0.7673885E-01
   0.6533776E-01 -0.7284252E-01
   0.5986986E-01 -0.6906576E-01
   0.5478055E-01 -0.6541208E-01
   0.5004442E-01 -0.6188299E-01
   0.4563812E-01 -0.5847853E-01
   0.4154018E-01 -0.5519760E-01
   0.3773084E-01 -0.5203819E-01
   0.3419187E-01 -0.4899768E-01
   0.3090646E-01 -0.4607294E-01
   0.2785905E-01 -0.4326054E-01
   0.2503526E-01 -0.4055683E-01
   0.2242180E-01 -0.3795800E-01
   0.2000631E-01 -0.3546024E-01
   0.1777737E-01 -0.3305973E-01
   0.1572436E-01 -0.3075270E-01
   0.1383743E-01 -0.2853548E-01
   0.1210740E-01 -0.2640456E-01
   0.1052575E-01 -0.2435655E-01
   0.9084522E-02 -0.2238827E-01
   0.7776284E-02 -0.2049674E-01
   0.6594073E-02 -0.1867919E-01
   0.5531337E-02 -0.1693310E-01
   0.4581879E-02 -0.1525617E-01
   0.3739801E-02 -0.1364637E-01
   0.2999438E-02 -0.1210193E-01
   0.2355305E-02 -0.1062129E-01
   0.1802025E-02 -0.9203160E-02
   0.1334278E-02 -0.7846434E-02
   0.9467402E-03 -0.6550189E-02
   0.6340457E-03 -0.5313629E-02
   0.3907516E-03 -0.4136034E-02
   0.2113275E-03 -0.3016695E-02
   0.9016444E-04 -0.1954853E-02
   0.2160606E-04 -0.9496334E-03
    0.000000       0.000000    
   0.2419749E-04  0.1007575E-02
   0.1019600E-03  0.2073317E-02
   0.2412784E-03  0.3197664E-02
   0.4503321E-03  0.4380526E-02
   0.7373261E-03  0.5621326E-02
   0.1110340E-02  0.6919064E-02
   0.1577208E-02  0.8272433E-02
   0.2145441E-02  0.9679947E-02
   0.2822202E-02  0.1114008E-01
   0.3614330E-02  0.1265138E-01
   0.4528404E-02  0.1421259E-01
   0.5570841E-02  0.1582272E-01
   0.6748002E-02  0.1748110E-01
   0.8066311E-02  0.1918738E-01
   0.9532370E-02  0.2094156E-01
   0.1115306E-01  0.2274396E-01
   0.1293563E-01  0.2459517E-01
   0.1488781E-01  0.2649606E-01
   0.1701785E-01  0.2844771E-01
   0.1933460E-01  0.3045136E-01
   0.2184759E-01  0.3250839E-01
   0.2456705E-01  0.3462029E-01
   0.2750401E-01  0.3678858E-01
   0.3067030E-01  0.3901478E-01
   0.3407865E-01  0.4130039E-01
   0.3774275E-01  0.4364681E-01
   0.4167724E-01  0.4605530E-01
   0.4589785E-01  0.4852692E-01
   0.5042142E-01  0.5106247E-01
   0.5526599E-01  0.5366242E-01
   0.6045084E-01  0.5632682E-01
   0.6599660E-01  0.5905521E-01
   0.7192530E-01  0.6184650E-01
   0.7826047E-01  0.6469890E-01
   0.8502723E-01  0.6760971E-01
   0.9225238E-01  0.7057521E-01
   0.9996445E-01  0.7359046E-01
   0.1081938      0.7664911E-01
   0.1169729      0.7974312E-01
   0.1263360      0.8286259E-01
   0.1363197      0.8599537E-01
   0.1463564      0.8895397E-01
   0.1564415      0.9174316E-01
   0.1665709      0.9436689E-01
   0.1767409      0.9682862E-01
   0.1869481      0.9913132E-01
   0.1971893      0.1012777    
   0.2074616      0.1032701    
   0.2177621      0.1051109    
   0.2280882      0.1068022    
   0.2384374      0.1083462    
   0.2488072      0.1097450    
   0.2591953      0.1110007    
   0.2695994      0.1121154    
   0.2800175      0.1130916    
   0.2904475      0.1139316    
   0.3008874      0.1146379    
   0.3113353      0.1152131    
   0.3217895      0.1156600    
   0.3322483      0.1159816    
   0.3427101      0.1161809    
   0.3531736      0.1162612    
   0.3636372      0.1162259    
   0.3740999      0.1160785    
   0.3845606      0.1158226    
   0.3950181      0.1154622    
   0.4054717      0.1150009    
   0.4159206      0.1144430    
   0.4263641      0.1137925    
   0.4368018      0.1130535    
   0.4472331      0.1122303    
   0.4576578      0.1113272    
   0.4680758      0.1103484    
   0.4784867      0.1092982    
   0.4888906      0.1081808    
   0.4992877      0.1070006    
   0.5096778      0.1057616    
   0.5200614      0.1044678    
   0.5304384      0.1031234    
   0.5408093      0.1017320    
   0.5511743      0.1002974    
   0.5615337      0.9882310E-01
   0.5718879      0.9731244E-01
   0.5822371      0.9576853E-01
   0.5925818      0.9419426E-01
   0.6029223      0.9259229E-01
   0.6132588      0.9096499E-01
   0.6235915      0.8931444E-01
   0.6339209      0.8764243E-01
   0.6442470      0.8595041E-01
   0.6545700      0.8423950E-01
   0.6648899      0.8251046E-01
   0.6752069      0.8076366E-01
   0.6855209      0.7899912E-01
   0.6958317      0.7721643E-01
   0.7061392      0.7541479E-01
   0.7164432      0.7359297E-01
   0.7267433      0.7174934E-01
   0.7370391      0.6988182E-01
   0.7473301      0.6798795E-01
   0.7576156      0.6606481E-01
   0.7678950      0.6410914E-01
   0.7781675      0.6211723E-01
   0.7884321      0.6008507E-01
   0.7986877      0.5800829E-01
   0.8089333      0.5588225E-01
   0.8191674      0.5370208E-01
   0.8293887      0.5146275E-01
   0.8395958      0.4915913E-01
   0.8497869      0.4678612E-01
   0.8599605      0.4433872E-01
   0.8695017      0.4196719E-01
   0.8784494      0.3967209E-01
   0.8868406      0.3745424E-01
   0.8947096      0.3531449E-01
   0.9020894      0.3325366E-01
   0.9090105      0.3127232E-01
   0.9155018      0.2937079E-01
   0.9215904      0.2754908E-01
   0.9273020      0.2580684E-01
   0.9326602      0.2414337E-01
   0.9376876      0.2255765E-01
   0.9424050      0.2104835E-01
   0.9468321      0.1961384E-01
   0.9509872      0.1825227E-01
   0.9548875      0.1696156E-01
   0.9585490      0.1573946E-01
   0.9619867      0.1458360E-01
   0.9652146      0.1349149E-01
   0.9682458      0.1246056E-01
   0.9710926      0.1148822E-01
   0.9737665      0.1057186E-01
   0.9762781      0.9708855E-02
   0.9786374      0.8896623E-02
   0.9808539      0.8132615E-02
   0.9829363      0.7414340E-02
   0.9848929      0.6739371E-02
   0.9867313      0.6105357E-02
   0.9884587      0.5510027E-02
   0.9900819      0.4951195E-02
   0.9916073      0.4426769E-02
   0.9930407      0.3934745E-02
   0.9943878      0.3473213E-02
   0.9956537      0.3040356E-02
   0.9968435      0.2634448E-02
   0.9979616      0.2253854E-02
   0.9990124      0.1897026E-02
    1.000000      0.1562500E-02
