AOA[deg] xc,ave sig_xc,for sig_xc,aft
-4.338   0.658    0.008     0.008
-3.327   0.640    0.008     0.008
-2.312   0.619    0.008     0.008
-1.297   0.605    0.008     0.008
-0.282   0.583    0.008     0.008
 0.733   0.559    0.008     0.008
 1.749   0.536    0.008     0.008
 2.764   0.515    0.008     0.008
 3.779   0.494    0.008     0.008
 4.794   0.471    0.008     0.008
 5.809   0.451    0.008     0.008
 6.822   0.368    0.013     0.013
 7.834   0.255    0.017     0.021
 8.340   0.199    0.018     0.020
 8.845   0.165    0.012     0.015
