AOA[deg] xc,ave sig_xc,for sig_xc,aft
-4.105   0.661    0.008     0.008
-3.092   0.637    0.008     0.008
-2.077   0.621    0.008     0.008
-1.062   0.601    0.008     0.008
-0.047   0.582    0.008     0.008
 0.968   0.559    0.008     0.008
 1.984   0.531    0.008     0.008
 2.999   0.509    0.008     0.008
 4.014   0.491    0.008     0.008
 5.030   0.467    0.008     0.008
 6.044   0.435    0.008     0.008
 7.056   0.399    0.008     0.008
 8.068   0.247    0.018     0.021
 8.573   0.197    0.008     0.008
 9.078   0.161    0.008     0.010
