AOA[deg] xc,ave sig_xc,for sig_xc,aft
-4.054   0.647    0.008     0.008
-3.041   0.628    0.008     0.008
-2.026   0.613    0.008     0.008
-1.011   0.594    0.008     0.008
 0.004   0.572    0.008     0.008
 1.020   0.548    0.008     0.008
 2.035   0.529    0.008     0.008
 3.051   0.509    0.008     0.008
 4.066   0.485    0.008     0.008
 5.081   0.453    0.008     0.008
 6.096   0.436    0.008     0.008
 7.108   0.347    0.008     0.008
 8.121   0.223    0.008     0.008
 8.626   0.176    0.008     0.008
 9.131   0.149    0.008     0.008
