AOA[deg] xc,ave sig_xc,for sig_xc,aft
-4.055   0.564    0.008     0.008
-3.041   0.545    0.008     0.008
-2.026   0.528    0.008     0.008
-1.011   0.504    0.008     0.008
 0.005   0.478    0.008     0.008
 1.020   0.454    0.008     0.008
 2.035   0.422    0.008     0.008
 2.543   0.323    0.095     0.096
 3.051   0.315    0.079     0.083
 3.558   0.301    0.067     0.069
 4.065   0.243    0.094     0.110
 4.572   0.225    0.081     0.098
 5.080   0.170    0.049     0.060
 5.587   0.125    0.044     0.056
