AOA[deg] xc,ave sig_xc,for sig_xc,aft
-4.054   0.584    0.008     0.008
-3.040   0.575    0.008     0.008
-2.025   0.558    0.008     0.008
-1.010   0.531    0.008     0.008
 0.005   0.511    0.008     0.008
 1.020   0.489    0.008     0.008
 2.036   0.468    0.008     0.008
 3.051   0.438    0.008     0.008
 3.559   0.415    0.008     0.008
 4.066   0.303    0.092     0.097
 4.573   0.248    0.090     0.105
 5.079   0.183    0.054     0.048
 5.586   0.148    0.041     0.041
 6.093   0.055    0.055     0.050
