AOA[deg] xc,ave sig_xc,for sig_xc,aft
-4.105   0.635    0.015     0.015
-3.092   0.608    0.013     0.012
-2.077   0.590    0.010     0.010
-1.062   0.560    0.010     0.010
-0.047   0.545    0.010     0.010
 0.968   0.520    0.008     0.008
 1.984   0.495    0.010     0.010
 2.999   0.475    0.010     0.010
 4.014   0.450    0.010     0.010
 5.030   0.425    0.010     0.010
 5.537   0.400    0.010     0.010
 6.044   0.360    0.010     0.010
 6.550   0.280    0.010     0.010
 7.056   0.200    0.010     0.010
 7.562   0.145    0.015     0.015
