AOA[deg] xc,ave sig_xc,for sig_xc,aft
-4.054   0.592    0.008     0.008
-3.041   0.572    0.008     0.008
-2.026   0.557    0.008     0.008
-1.010   0.530    0.008     0.008
 0.005   0.510    0.008     0.008
 1.020   0.490    0.008     0.008
 2.036   0.470    0.008     0.008
 3.051   0.432    0.008     0.008
 4.066   0.416    0.008     0.008
 4.573   0.282    0.067     0.067
 5.081   0.253    0.063     0.068
 5.587   0.212    0.038     0.035
 6.094   0.173    0.012     0.022
 6.600   0.121    0.038     0.039
