AOA[deg] xc,ave sig_xc,for sig_xc,aft
-4.055   0.571    0.008     0.008
-3.041   0.554    0.008     0.008
-2.026   0.532    0.008     0.008
-1.010   0.513    0.008     0.008
 0.005   0.477    0.008     0.008
 1.020   0.456    0.008     0.008
 1.527   0.322    0.105     0.119
 2.035   0.308    0.101     0.110
 2.542   0.300    0.097     0.112
 3.050   0.232    0.080     0.087
 3.557   0.196    0.078     0.075
 4.064   0.173    0.069     0.070
 4.571   0.109    0.109     0.084
 5.078   0.091    0.082     0.068
 5.586   0.049    0.049     0.047
