AOA[deg] xc,ave sig_xc,for sig_xc,aft
-4.054   0.615    0.008     0.008
-3.041   0.592    0.008     0.008
-2.026   0.582    0.008     0.008
-1.011   0.564    0.008     0.008
 0.004   0.544    0.008     0.008
 1.020   0.511    0.008     0.008
 2.035   0.492    0.008     0.008
 3.051   0.473    0.008     0.008
 4.066   0.446    0.008     0.008
 5.081   0.417    0.008     0.008
 6.096   0.344    0.008     0.008
 6.602   0.260    0.008     0.008
 7.108   0.211    0.013     0.008
 7.615   0.168    0.010     0.010
