AOA[deg] xc,ave sig_xc,for sig_xc,aft
-4.046   0.662    0.008     0.008
-3.033   0.638    0.008     0.008
-2.019   0.616    0.008     0.008
-1.004   0.600    0.008     0.008
 0.011   0.578    0.008     0.008
 1.026   0.557    0.008     0.008
 2.041   0.531    0.008     0.008
 3.056   0.508    0.008     0.008
 4.071   0.473    0.008     0.008
 5.086   0.453    0.008     0.008
 6.100   0.410    0.008     0.008
 7.114   0.275    0.024     0.021
 7.620   0.209    0.028     0.010
 8.125   0.150    0.021     0.025
