AOA[deg] xc,ave sig_xc,for sig_xc,aft
-4.053   0.655    0.008     0.008
-3.040   0.632    0.008     0.008
-2.025   0.614    0.008     0.008
-1.010   0.594    0.008     0.008
 0.004   0.578    0.008     0.008
 1.019   0.551    0.008     0.008
 2.034   0.528    0.008     0.008
 3.049   0.510    0.008     0.008
 4.063   0.475    0.008     0.008
 5.077   0.453    0.008     0.008
 6.090   0.408    0.008     0.008
 7.103   0.289    0.023     0.024
 7.609   0.215    0.008     0.017
 8.115   0.175    0.017     0.017
