AOA[deg] xc,ave sig_xc,for sig_xc,aft
-4.052   0.614    0.008     0.008
-3.039   0.602    0.008     0.008
-2.024   0.581    0.008     0.008
-1.009   0.561    0.008     0.008
 0.006   0.537    0.008     0.008
 1.021   0.519    0.008     0.008
 2.036   0.496    0.008     0.008
 3.051   0.473    0.008     0.008
 3.557   0.330    0.138     0.135
 4.064   0.240    0.096     0.084
 4.571   0.181    0.061     0.062
 5.077   0.150    0.063     0.059
 5.584   0.077    0.065     0.053
 6.091   0.062    0.062     0.048
