AOA[deg] xc,ave sig_xc,for sig_xc,aft
-4.051   0.655    0.008     0.008
-3.040   0.646    0.008     0.008
-2.025   0.622    0.008     0.008
-1.010   0.606    0.008     0.008
 0.005   0.577    0.008     0.008
 1.021   0.562    0.008     0.008
 2.036   0.538    0.008     0.008
 3.052   0.503    0.008     0.008
 4.067   0.474    0.008     0.008
 5.082   0.452    0.008     0.008
 6.095   0.425    0.008     0.008
 7.107   0.320    0.008     0.008
 7.613   0.289    0.008     0.008
 8.119   0.235    0.008     0.008
