AOA[deg] xc,ave sig_xc,for sig_xc,aft
-4.054   0.622    0.008     0.008
-3.040   0.603    0.008     0.008
-2.026   0.584    0.008     0.008
-1.011   0.552    0.008     0.008
 0.004   0.541    0.008     0.008
 1.019   0.519    0.008     0.008
 2.034   0.499    0.008     0.008
 3.049   0.460    0.008     0.008
 3.557   0.333    0.134     0.126
 4.064   0.272    0.175     0.168
 4.570   0.189    0.109     0.104
 5.077   0.130    0.105     0.080
 5.584   0.091    0.091     0.077
 6.091   0.080    0.080     0.074
