AOA[deg] xc,ave sig_xc,for sig_xc,aft
-4.105   0.615    0.008     0.008
-3.092   0.603    0.008     0.008
-2.077   0.589    0.008     0.008
-1.062   0.567    0.008     0.008
-0.046   0.547    0.008     0.008
 0.968   0.517    0.008     0.008
 1.984   0.498    0.008     0.008
 2.999   0.464    0.008     0.008
 3.507   0.454    0.008     0.008
 4.015   0.442    0.008     0.008
 4.522   0.334    0.085     0.096
 5.029   0.287    0.093     0.108
 5.536   0.218    0.061     0.063
 6.042   0.159    0.031     0.030
 6.548   0.115    0.078     0.059
