AOA[deg] xc,ave sig_xc,for sig_xc,aft
-4.051   0.624    0.008     0.008
-3.039   0.608    0.008     0.008
-2.024   0.595    0.008     0.008
-1.009   0.574    0.008     0.008
 0.006   0.548    0.008     0.008
 1.021   0.515    0.008     0.008
 2.036   0.498    0.008     0.008
 3.051   0.473    0.008     0.008
 4.066   0.449    0.008     0.008
 4.573   0.433    0.008     0.008
 5.080   0.271    0.098     0.113
 5.586   0.234    0.061     0.071
 6.093   0.162    0.056     0.069
 6.599   0.163    0.045     0.042
