AOA[deg] xc,ave sig_xc,for sig_xc,aft
-4.051   0.622    0.008     0.008
-3.040   0.611    0.008     0.008
-2.025   0.593    0.008     0.008
-1.010   0.570    0.008     0.008
 0.005   0.550    0.008     0.008
 1.021   0.530    0.008     0.008
 2.036   0.498    0.008     0.008
 3.052   0.478    0.008     0.008
 4.067   0.461    0.008     0.008
 5.082   0.427    0.008     0.008
 5.589   0.334    0.027     0.028
 6.095   0.226    0.049     0.059
 6.601   0.181    0.038     0.037
 7.107   0.155    0.022     0.024
