AOA[deg] xc,ave sig_xc,for sig_xc,aft
-4.054   0.654    0.008     0.008
-3.041   0.638    0.008     0.008
-2.026   0.613    0.008     0.008
-1.011   0.593    0.008     0.008
 0.004   0.576    0.008     0.008
 1.020   0.555    0.008     0.008
 2.035   0.528    0.008     0.008
 3.050   0.511    0.008     0.008
 4.065   0.486    0.008     0.008
 5.079   0.458    0.008     0.008
 6.091   0.409    0.008     0.008
 7.104   0.308    0.008     0.008
 8.116   0.192    0.024     0.025
 8.621   0.162    0.008     0.008
