AOA[deg] xc,ave sig_xc,for sig_xc,aft
-4.105   0.655    0.015     0.015
-3.092   0.635    0.008     0.008
-2.077   0.610    0.010     0.010
-1.062   0.600    0.010     0.010
-0.046   0.580    0.010     0.010
 0.968   0.560    0.010     0.010
 1.984   0.530    0.010     0.010
 2.999   0.510    0.010     0.010
 4.015   0.490    0.010     0.010
 5.029   0.460    0.010     0.010
 6.042   0.430    0.010     0.010
 6.548   0.415    0.015     0.015
 7.054   0.355    0.015     0.015
 7.560   0.280    0.010     0.010
 8.066   0.215    0.015     0.015
 8.572   0.180    0.010     0.010
