AOA[deg] xc,ave sig_xc,for sig_xc,aft
-4.107   0.552    0.008     0.008
-3.093   0.534    0.008     0.008
-2.078   0.519    0.008     0.008
-1.063   0.502    0.008     0.008
-0.048   0.481    0.008     0.008
 1.983   0.421    0.008     0.008
 2.998   0.385    0.008     0.008
 3.506   0.362    0.008     0.008
 4.014   0.345    0.008     0.008
 4.521   0.327    0.008     0.008
 5.029   0.292    0.008     0.008
 5.536   0.260    0.008     0.008
 6.043   0.228    0.008     0.010
 6.550   0.187    0.008     0.008
 7.057   0.146    0.008     0.008
