AOA[deg] xc,ave sig_xc,for sig_xc,aft
-4.106   0.586    0.008     0.008
-3.092   0.566    0.008     0.008
-2.077   0.546    0.008     0.008
-1.063   0.523    0.008     0.008
-0.047   0.506    0.008     0.008
 0.968   0.485    0.008     0.008
 1.984   0.460    0.008     0.008
 2.999   0.432    0.008     0.008
 4.014   0.400    0.008     0.008
 4.521   0.384    0.008     0.008
 5.029   0.359    0.008     0.008
 5.536   0.322    0.008     0.008
 6.043   0.267    0.008     0.008
 6.550   0.216    0.008     0.008
 7.057   0.175    0.008     0.008
 7.563   0.152    0.008     0.008
