AOA[deg] xc,ave sig_xc,for sig_xc,aft
-1.062   0.600    0.010     0.010
-0.047   0.575    0.010     0.010
 0.969   0.560    0.010     0.010
 1.984   0.530    0.010     0.010
 2.999   0.510    0.010     0.010
 4.014   0.490    0.010     0.010
 5.030   0.455    0.010     0.010
 6.044   0.425    0.008     0.008
 7.058   0.360    0.010     0.010
 7.564   0.310    0.010     0.010
 8.070   0.260    0.010     0.010
 8.576   0.200    0.010     0.010
 9.080   0.170    0.010     0.010
 9.585   0.150    0.010     0.010
