AOA[deg] xc,ave sig_xc,for sig_xc,aft
-4.105   0.640    0.010     0.010
-3.092   0.630    0.010     0.010
-2.076   0.610    0.010     0.010
-1.061   0.590    0.010     0.010
-0.047   0.580    0.010     0.010
 0.968   0.560    0.010     0.010
 1.984   0.540    0.010     0.010
 2.999   0.507    0.012     0.013
 4.014   0.480    0.010     0.010
 5.029   0.450    0.010     0.010
 6.043   0.410    0.010     0.010
 7.055   0.360    0.010     0.010
 8.067   0.250    0.010     0.010
 9.076   0.160    0.010     0.010
