AOA[deg] xc,ave sig_xc,for sig_xc,aft
-4.105   0.622    0.008     0.008
-3.092   0.584    0.008     0.008
-2.076   0.577    0.008     0.008
-1.061   0.559    0.008     0.008
-0.047   0.537    0.008     0.008
 0.968   0.513    0.008     0.008
 1.984   0.492    0.008     0.008
 2.999   0.460    0.008     0.008
 4.014   0.448    0.008     0.008
 5.029   0.399    0.008     0.008
 5.536   0.239    0.074     0.090
 6.043   0.205    0.052     0.062
 6.549   0.173    0.034     0.033
 7.055   0.138    0.014     0.028
