AOA[deg] xc,ave sig_xc,for sig_xc,aft
-4.106   0.625    0.008     0.008
-3.092   0.605    0.008     0.008
-2.077   0.585    0.008     0.008
-1.062   0.563    0.008     0.008
-0.047   0.535    0.008     0.008
 0.969   0.518    0.008     0.008
 1.984   0.480    0.008     0.008
 2.999   0.460    0.008     0.008
 4.014   0.441    0.008     0.008
 5.030   0.407    0.008     0.008
 6.044   0.349    0.008     0.008
 6.551   0.274    0.008     0.008
 7.058   0.220    0.008     0.008
 7.564   0.171    0.008     0.008
