AOA[deg] xc,ave sig_xc,for sig_xc,aft
-11.562   0.553    0.105     0.114
-10.548   0.447    0.101     0.102
-9.535   0.409    0.112     0.110
-8.521   0.365    0.118     0.118
-7.507   0.360    0.129     0.106
-6.493   0.347    0.111     0.110
-5.478   0.316    0.125     0.107
-4.464   0.265    0.092     0.075
-3.451   0.242    0.079     0.050
-2.436   0.231    0.078     0.045
-1.421   0.222    0.076     0.032
-0.406   0.238    0.071     0.054
 0.609   0.224    0.063     0.044
 1.624   0.218    0.063     0.042
 2.639   0.213    0.060     0.044
 3.654   0.204    0.054     0.044
 4.669   0.193    0.044     0.041
 5.177   0.188    0.037     0.041
 5.684   0.180    0.030     0.030
 6.191   0.168    0.027     0.030
 6.697   0.148    0.017     0.018
