AOA[deg] xc,ave sig_xc,for sig_xc,aft
-7.505   0.735    0.008     0.008
-6.492   0.705    0.008     0.008
-5.478   0.667    0.008     0.008
-4.465   0.660    0.008     0.008
-3.451   0.635    0.008     0.008
-2.436   0.615    0.008     0.008
-1.421   0.600    0.008     0.008
-0.406   0.590    0.008     0.008
 0.609   0.565    0.008     0.008
 1.624   0.555    0.008     0.008
 2.639   0.532    0.008     0.008
 3.655   0.510    0.008     0.008
 4.669   0.480    0.010     0.010
 5.684   0.455    0.008     0.008
 6.699   0.415    0.008     0.008
 7.712   0.350    0.010     0.010
 8.218   0.280    0.010     0.010
 8.724   0.240    0.010     0.010
 9.230   0.195    0.008     0.008
 9.734   0.161    0.008     0.008
