AOA[deg] xc,ave sig_xc,for sig_xc,aft
-11.563   0.488    0.127     0.139
-9.536   0.330    0.113     0.108
-7.508   0.279    0.104     0.091
-5.479   0.248    0.092     0.075
-3.451   0.235    0.080     0.063
-2.437   0.215    0.077     0.054
-1.422   0.197    0.062     0.041
-0.407   0.190    0.061     0.040
 0.608   0.191    0.065     0.041
 1.623   0.193    0.056     0.031
 2.639   0.188    0.068     0.045
 3.654   0.197    0.068     0.052
 4.669   0.181    0.059     0.058
 5.684   0.162    0.049     0.037
 6.699   0.124    0.008     0.012
 7.205   0.117    0.008     0.008
