AOA[deg] xc,ave sig_xc,for sig_xc,aft
-9.531   0.760    0.010     0.010
-8.518   0.710    0.010     0.010
-7.505   0.680    0.010     0.010
-6.491   0.670    0.010     0.010
-5.477   0.650    0.010     0.010
-4.464   0.640    0.010     0.010
-3.450   0.620    0.010     0.010
-2.435   0.590    0.010     0.010
-1.420   0.570    0.010     0.010
-0.405   0.560    0.010     0.010
 0.610   0.540    0.010     0.010
 1.625   0.520    0.010     0.010
 2.640   0.490    0.010     0.010
 3.655   0.465    0.010     0.010
 4.670   0.420    0.010     0.010
 5.177   0.405    0.015     0.015
 5.685   0.360    0.010     0.010
 6.192   0.340    0.010     0.010
 6.699   0.280    0.010     0.010
 7.205   0.260    0.010     0.010
 7.712   0.220    0.010     0.010
 8.218   0.170    0.010     0.010
 8.724   0.140    0.010     0.010
